1121754692
1578695902
1578695912
1578695926
1578695922
1578695911
1578695892
1578695921
1578695897
1578695906
1578695916
1578695917
1578695931
1578695896
1578695927
1578695901
1578695907
1089053886
1089053789
1089053787
1089053832
1653323544
3468567597
1653276013
1475380088
1607797617
1475380065
1094176410
1578695896
1578695892
1578695907
1578695926
1578695897
1578695922
1578695921
1578695931
1578695901
1578695912
1578695917
1578695911
1578695927
1578695916
1578695902
1578695906
3642004318
3642006687
3642006330
1297626946
100663095
100663045
1297626935
1539747520
872451757
873737899
873908305
873762018
873836668
873801201
872681689
915962374
3339754694
3339754566
3339754534
3339754502
1583658184
1583658186
3645213642
3645213641
1401857777
1401857785
1401857765
1401857787
1401857763
1401857774
1401857781
1401857770
1401857755
1401857766
1401857759
1401857752
1401857776
1401857748
1401857744
1401857754
1401857748
1401857759
1401857754
1401857774
1401857765
1401857787
1401857763
1401857785
1401857744
1401857755
1401857770
1401857766
1401857776
1401857781
1401857777
1401857752
921639376
921639360
921637126
921639552
921637127
921639368
1578695901
1578695921
1578695892
1578695896
1578695912
1578695931
1578695907
1578695906
1578695917
1578695911
1578695897
1578695927
1578695926
1578695922
1578695902
1578695916
392545421
3029697583
3702864345
1863149008
2071818896
1401857759
1401857777
1401857776
1401857785
1401857787
1401857774
1401857755
1401857763
1401857781
1401857748
1401857766
1401857752
1401857754
1401857770
1401857765
1401857744
3427780040
1578695897
1578695916
1578695912
1578695896
1578695907
1578695922
1578695911
1578695926
1578695931
1578695902
1578695917
1578695901
1578695927
1578695892
1578695906
1578695921
1578695896
1578695926
1578695892
1578695916
1578695921
1578695922
1578695917
1578695906
1578695927
1578695907
1578695931
1578695897
1578695911
1578695901
1578695902
1578695912
2365632034
2365632035
2365632036
2365632037
2365632038
2365632040
2365632041
2365632042
2365632043
2365632044
1578695911
1578695897
1578695892
1578695916
1578695896
1578695907
1578695921
1578695902
1578695922
1578695906
1578695931
1578695912
1578695917
1578695926
1578695901
1578695927
1578695917
1578695912
1578695906
1578695921
1578695896
1578695897
1578695911
1578695931
1578695892
1578695926
1578695902
1578695927
1578695907
1578695916
1578695922
1578695901
1578695902
1578695912
1578695896
1578695892
1578695926
1578695931
1578695917
1578695897
1578695901
1578695906
1578695922
1578695921
1578695911
1578695907
1578695927
1578695916
1401857781
1401857759
1401857748
1401857785
1401857763
1401857787
1401857755
1401857754
1401857770
1401857744
1401857752
1401857765
1401857766
1401857776
1401857777
1401857774
1122728063
1578695931
1578695927
1578695892
1578695907
1578695921
1578695897
1578695902
1578695926
1578695901
1578695922
1578695917
1578695896
1578695906
1578695916
1578695912
1578695911
1121165836
1116197172
1121171737
1121170811
1121165398
1116199102
3452724640
3322643499
1578695916
1578695922
1578695907
1578695912
1578695892
1578695906
1578695896
1578695921
1578695911
1578695917
1578695931
1578695902
1578695926
1578695901
1578695927
1578695897
1796511621
1264945986
920764499
387432260
387300988
1796518178
840159786
919339739
919350047
2927690298
921959776
1796512502
3322643479
3452724522
917266913
917266920
917266918
917266922
917266914
917266915
917266917
917266919
917266921
917266916
1107700510
1107699998
1823343233
1578695921
1578695906
1578695897
1578695911
1578695926
1578695931
1578695912
1578695917
1578695907
1578695892
1578695901
1578695927
1578695902
1578695916
1578695896
1578695922
2194913901
1490031134
1490033944
532706692
1850438470
2362301536
3459687873
1317846853
1481986731
1317846894
1481986732
1317846854
1317846874
1317846864
1317846873
1317846893
3459687872
1755074900
1755075924
401285460
401286484
2099769457
2746302880
3075442638
3054910437
1757753249
1747698683
392460975
392180789
3220166085
1747505955
3365094286
3369927213
3221245449
3221245457
3495095937
296902715
294559803
296542255
1401857774
1401857744
1401857755
1401857766
1401857781
1401857748
1401857770
1401857759
1401857754
1401857776
1401857752
1401857787
1401857765
1401857763
1401857777
1401857785
2365632037
2365632038
2365632040
2365632041
2365632042
2365632043
2365632044
2365632034
2365632035
2365632036
1401857752
1401857766
1401857774
1401857770
1401857754
1401857785
1401857781
1401857744
1401857765
1401857763
1401857755
1401857777
1401857748
1401857759
1401857787
1401857776
3484132886
1209389597
1209388624
3029698189
1121167682
1121167619
1401857765
1401857752
1401857777
1401857754
1401857744
1401857774
1401857787
1401857748
1401857776
1401857781
1401857766
1401857785
1401857759
1401857755
1401857770
1401857763
3105821121
1578695906
1578695931
1578695907
1578695922
1578695916
1578695901
1578695912
1578695892
1578695896
1578695917
1578695897
1578695911
1578695927
1578695902
1578695926
1578695921
1332631271
1401857754
1401857766
1401857787
1401857763
1401857785
1401857744
1401857777
1401857748
1401857776
1401857781
1401857774
1401857759
1401857752
1401857765
1401857755
1401857770
1578695921
1578695927
1578695926
1578695906
1578695911
1578695896
1578695907
1578695917
1578695922
1578695916
1578695931
1578695912
1578695897
1578695901
1578695902
1578695892
3133168133
1401857763
1401857770
1401857765
1401857785
1401857774
1401857787
1401857744
1401857759
1401857752
1401857776
1401857781
1401857755
1401857766
1401857748
1401857777
1401857754
3339754571
3339754507
2960852706
3636029366
1317691829
3239629052
1317692304
3271791458
1590112487
3227773198
2960852705
3271790830
2001814236
1822469352
1822469320
1850438233
2362278499
3109620788
3231438027
3098383142
3231438026
3098383143
1578695927
1578695916
1578695931
1578695907
1578695897
1578695911
1578695902
1578695922
1578695912
1578695917
1578695906
1578695901
1578695926
1578695892
1578695921
1578695896
3156951342
3156951322
3156951345
3156951349
3156951344
3156951312
3156951355
3156951338
3156951334
3156951327
3156951331
3156951320
3156951353
3156951316
3156951323
3156951333
135497978
3350561785
1401857748
1401857765
1401857759
1401857777
1401857781
1401857752
1401857776
1401857744
1401857785
1401857774
1401857763
1401857766
1401857770
1401857787
1401857754
1401857755
1401857754
1401857766
1401857787
1401857763
1401857785
1401857744
1401857777
1401857748
1401857776
1401857781
1401857774
1401857759
1401857752
1401857765
1401857755
1401857770
3223256193
1578695917
1578695911
1578695926
1578695901
1578695912
1578695892
1578695931
1578695922
1578695927
1578695907
1578695916
1578695902
1578695896
1578695921
1578695906
1578695897
1054102273
1578695926
1578695922
1578695917
1578695896
1578695907
1578695902
1578695911
1578695931
1578695906
1578695901
1578695892
1578695927
1578695921
1578695897
1578695916
1578695912
2110905998
2110905997
3400773909
3400773910
3222292392
3222292413
3222292404
3001812955
3001812730
2954915001
87625948
3105823393
3585379724
3231060085
2067444743
2067444744
3248801106
3248800850
3350562109
1875829622
3549985760
3162332516
3162332517
3162332516
3162332517
1755075010
401286594
1755076034
401285570
